Python 3.7.3 (default, Mar 26 2019, 21:43:19) 
[GCC 8.2.1 20181127] on linux
Type "help", "copyright", "credits" or "license()" for more information.
>>> 
========== RESTART: /home/emaciel/Codes/Python/nummet/eigen/main.py ==========
k = 100
s = 1
f = 0
e = 0.0001
u = 500
[ 2.01556232e+01 -5.60187499e-02  5.30749980e-02  4.40235154e-02
  1.40137682e-02 -8.99651229e-02  1.12432292e-01 -3.90569856e-02
  2.59267667e-01 -6.23970868e-02  1.28313313e-01 -5.10826306e-04
  8.68072662e-02 -1.37247711e-01 -1.24773449e-01  1.13565494e-01
 -8.15493913e-02  6.35051499e-02 -6.41799210e-02 -2.08213346e-01
 -5.72404514e-02  2.37268113e-02  1.16705313e-01  7.84172195e-02
 -1.75355925e-02  6.73503625e-02 -6.78474481e-02 -1.06770117e-01
  4.61204511e-02 -4.02434216e-02 -1.44693053e-01 -1.08842665e-02
  1.22619190e-01  1.91949647e-01 -4.18938012e-02 -1.47310226e-01
 -1.08823182e-01 -1.34542141e-01  1.42805935e-01  5.87663212e-02
 -4.07468066e-02 -9.76687004e-03 -5.12075590e-02  4.90667859e-02
  1.09467518e-01  1.05537476e-01  1.39582588e-01 -3.71872243e-02
 -6.51998418e-02  5.05904625e-02 -9.09276931e-02 -1.13068712e-01
  4.71089586e-03 -1.74045194e-01 -9.58417480e-02  1.84455973e-02
 -1.08424962e-01  3.40698473e-02 -7.68188547e-02 -3.92919935e-02
  8.87371440e-02 -6.86727326e-02  1.52166894e-01  5.98883030e-02
  7.70317403e-02  6.26977561e-02 -7.08375711e-02  7.74884615e-02
 -3.37936100e-02  1.17450627e-01 -1.06729054e-01  1.28789308e-01
  1.34851321e-02 -4.28333801e-03  5.35538940e-02 -1.46630481e-01
 -8.17672578e-02 -3.91837225e-02 -8.47210049e-02  1.60840999e-01
  1.38738681e-01 -5.92112924e-02  7.11507952e-03 -1.44315615e-02
 -2.47567639e-01 -1.87175351e-01 -3.51533208e-02 -4.31504057e-02
 -1.03934016e-01  3.47672574e-02  2.02979267e-01 -9.25637084e-02
 -1.18273490e-01  6.17329934e-02  1.86617832e-01  7.15899425e-02
 -2.37388865e-02 -2.69412911e-02  3.68617818e-02 -1.05486407e-01
  8.45383313e-02  3.00000000e+00  1.48875713e-02]
>>> 
========== RESTART: /home/emaciel/Codes/Python/nummet/eigen/main.py ==========
k = 100
s = 1
f = 0
e = 0.0001
u = 500
[ 2.01556232e+01 -5.60187499e-02  5.30749980e-02  4.40235154e-02
  1.40137682e-02 -8.99651229e-02  1.12432292e-01 -3.90569856e-02
  2.59267667e-01 -6.23970868e-02  1.28313313e-01 -5.10826306e-04
  8.68072662e-02 -1.37247711e-01 -1.24773449e-01  1.13565494e-01
 -8.15493913e-02  6.35051499e-02 -6.41799210e-02 -2.08213346e-01
 -5.72404514e-02  2.37268113e-02  1.16705313e-01  7.84172195e-02
 -1.75355925e-02  6.73503625e-02 -6.78474481e-02 -1.06770117e-01
  4.61204511e-02 -4.02434216e-02 -1.44693053e-01 -1.08842665e-02
  1.22619190e-01  1.91949647e-01 -4.18938012e-02 -1.47310226e-01
 -1.08823182e-01 -1.34542141e-01  1.42805935e-01  5.87663212e-02
 -4.07468066e-02 -9.76687004e-03 -5.12075590e-02  4.90667859e-02
  1.09467518e-01  1.05537476e-01  1.39582588e-01 -3.71872243e-02
 -6.51998418e-02  5.05904625e-02 -9.09276931e-02 -1.13068712e-01
  4.71089586e-03 -1.74045194e-01 -9.58417480e-02  1.84455973e-02
 -1.08424962e-01  3.40698473e-02 -7.68188547e-02 -3.92919935e-02
  8.87371440e-02 -6.86727326e-02  1.52166894e-01  5.98883030e-02
  7.70317403e-02  6.26977561e-02 -7.08375711e-02  7.74884615e-02
 -3.37936100e-02  1.17450627e-01 -1.06729054e-01  1.28789308e-01
  1.34851321e-02 -4.28333801e-03  5.35538940e-02 -1.46630481e-01
 -8.17672578e-02 -3.91837225e-02 -8.47210049e-02  1.60840999e-01
  1.38738681e-01 -5.92112924e-02  7.11507952e-03 -1.44315615e-02
 -2.47567639e-01 -1.87175351e-01 -3.51533208e-02 -4.31504057e-02
 -1.03934016e-01  3.47672574e-02  2.02979267e-01 -9.25637084e-02
 -1.18273490e-01  6.17329934e-02  1.86617832e-01  7.15899425e-02
 -2.37388865e-02 -2.69412911e-02  3.68617818e-02 -1.05486407e-01
  8.45383313e-02  3.00000000e+00  1.75361633e-02]
>>> 
========== RESTART: /home/emaciel/Codes/Python/nummet/eigen/main.py ==========
k = 100
s = 1
f = 0
e = 0.0001
u = 500
[ 2.01556232e+01 -5.60187499e-02  5.30749980e-02  4.40235154e-02
  1.40137682e-02 -8.99651229e-02  1.12432292e-01 -3.90569856e-02
  2.59267667e-01 -6.23970868e-02  1.28313313e-01 -5.10826306e-04
  8.68072662e-02 -1.37247711e-01 -1.24773449e-01  1.13565494e-01
 -8.15493913e-02  6.35051499e-02 -6.41799210e-02 -2.08213346e-01
 -5.72404514e-02  2.37268113e-02  1.16705313e-01  7.84172195e-02
 -1.75355925e-02  6.73503625e-02 -6.78474481e-02 -1.06770117e-01
  4.61204511e-02 -4.02434216e-02 -1.44693053e-01 -1.08842665e-02
  1.22619190e-01  1.91949647e-01 -4.18938012e-02 -1.47310226e-01
 -1.08823182e-01 -1.34542141e-01  1.42805935e-01  5.87663212e-02
 -4.07468066e-02 -9.76687004e-03 -5.12075590e-02  4.90667859e-02
  1.09467518e-01  1.05537476e-01  1.39582588e-01 -3.71872243e-02
 -6.51998418e-02  5.05904625e-02 -9.09276931e-02 -1.13068712e-01
  4.71089586e-03 -1.74045194e-01 -9.58417480e-02  1.84455973e-02
 -1.08424962e-01  3.40698473e-02 -7.68188547e-02 -3.92919935e-02
  8.87371440e-02 -6.86727326e-02  1.52166894e-01  5.98883030e-02
  7.70317403e-02  6.26977561e-02 -7.08375711e-02  7.74884615e-02
 -3.37936100e-02  1.17450627e-01 -1.06729054e-01  1.28789308e-01
  1.34851321e-02 -4.28333801e-03  5.35538940e-02 -1.46630481e-01
 -8.17672578e-02 -3.91837225e-02 -8.47210049e-02  1.60840999e-01
  1.38738681e-01 -5.92112924e-02  7.11507952e-03 -1.44315615e-02
 -2.47567639e-01 -1.87175351e-01 -3.51533208e-02 -4.31504057e-02
 -1.03934016e-01  3.47672574e-02  2.02979267e-01 -9.25637084e-02
 -1.18273490e-01  6.17329934e-02  1.86617832e-01  7.15899425e-02
 -2.37388865e-02 -2.69412911e-02  3.68617818e-02 -1.05486407e-01
  8.45383313e-02  3.00000000e+00  1.86009407e-02]
>>> 
